Nodo_1,Nodo_2,Nodo_3,Nodo_4,Nodo_5,Nodo_6,Nodo_7,Nodo_8,Nodo_9,Nodo_10,Nodo_11,Nodo_12,Nodo_13,Nodo_14,Nodo_15,Nodo_16,Nodo_17,Nodo_18,Nodo_19,Nodo_20,Nodo_21,Nodo_22,Nodo_23,Nodo_24,Nodo_25,Nodo_26,Nodo_27,Nodo_28,Nodo_29,Nodo_30,Nodo_31,Nodo_32,Nodo_33,Nodo_34,Nodo_35,Nodo_36,Nodo_37,Nodo_38,Nodo_39,Nodo_40,Nodo_41,Nodo_42,Nodo_43,Nodo_44,Nodo_45,Nodo_46,Nodo_47,Nodo_48,Nodo_49,Nodo_50,Nodo_51,Nodo_52,Nodo_53,Nodo_54,Nodo_55,Nodo_56,Nodo_57,Nodo_58,Nodo_59,Nodo_60,Nodo_61,Nodo_62,Nodo_63,Nodo_64,Nodo_65,Nodo_66,Nodo_67,Nodo_68,Nodo_69,Nodo_70,Nodo_71,Nodo_72,Nodo_73,Nodo_74,Nodo_75,Nodo_76,Nodo_77,Nodo_78,Nodo_79,Nodo_80,Nodo_81,Nodo_82,Nodo_83,Nodo_84,Nodo_85,Nodo_86,Nodo_87,Nodo_88,Nodo_89,Nodo_90,Nodo_91,Nodo_92,Nodo_93,Nodo_94,Nodo_95,Nodo_96,Nodo_97,Nodo_98,Nodo_99,Nodo_100
0,22.02742335,16.1035214,15.988868,12.22812452,18.76063924,3.761102218,0.677325178,12.47884503,22.53153033,21.41630465,4.902820225,12.44832268,18.97690459,6.917121344,19.94023866,11.22458171,14.21434688,19.82204866,16.08345629,11.09372448,12.28446524,6.611957118,4.111618239,18.60673375,18.17834889,15.08895109,15.73319727,11.38081301,14.40226301,15.36426965,10.35335556,20.35767046,3.491698136,9.131749437,17.22477911,3.539137549,22.89001449,10.0855517,3.193829225,5.337753591,17.97427302,19.11058071,4.208171215,15.10611912,12.17979745,15.88873437,0.398369284,13.97659548,12.35971818,11.91933403,13.95731878,11.97980347,12.98826331,2.796459866,14.32121781,15.87360677,5.884737685,3.991808478,6.425261423,12.8624504,16.00897058,7.497441202,4.186603089,6.64630416,9.3081182,16.03377222,11.28266503,16.3508254,3.926037061,23.18917034,20.18935499,13.3597821,6.079872422,8.110108137,12.05489327,6.233997973,14.75409628,19.75951782,7.965081361,16.19225669,8.992525608,4.654639303,17.98817294,12.50977425,21.22254113,7.827631836,11.99135163,16.76195832,11.71981638,16.72310904,15.92637646,13.71809975,15.11133384,8.732213756,16.0221255,19.14603426,13.59569214,3.735386125,7.464738951
22.02742335,0,13.76364266,11.83210893,19.51761818,10.6145538,18.29708883,22.05025307,12.51698424,1.737469667,0.698249885,20.28942218,16.77767313,3.614140557,18.74370678,3.682154807,12.83220663,12.82032928,7.397875477,8.493165391,18.79288864,9.771459917,19.54669741,18.32097309,8.731732988,10.09294728,13.46388149,7.589172736,11.30120457,7.662179282,7.603946139,12.20759116,4.522554811,22.57144481,13.30232476,14.52423553,20.00265539,6.817712788,14.37800247,24.96028014,18.19644667,16.2967717,6.307812819,21.07189989,9.42367072,10.49556589,13.04625794,21.75817093,9.577770375,10.27798623,16.63703976,9.126971401,12.49863849,9.730645418,24.73445305,7.944344834,6.306744834,18.30188034,22.60657821,19.61496393,13.99788513,7.54412313,18.60913277,19.43070657,21.2007801,12.99920778,15.65899683,16.10540139,15.69750428,18.1014725,4.611854602,7.958911802,9.292485145,21.22306208,19.37357631,19.18211278,18.7009202,10.4357929,2.497122177,19.32438418,19.63407212,16.13458259,17.53901318,4.168131949,12.06885384,7.625380948,14.9060032,16.438908,17.87797002,10.78096085,5.406028212,15.60169929,15.90915865,9.101184139,13.39061787,19.44666895,10.48615663,15.21436471,19.37600757,19.64398826
16.1035214,13.76364266,0,18.40180873,6.880980454,3.973218067,13.71524495,15.7007353,4.423412893,12.92572084,13.60270506,17.75571111,19.94939546,10.36032844,17.73645456,14.74579122,15.05357878,2.324791485,6.987493959,5.580312335,6.832852469,10.58996916,10.22324751,12.18571967,5.330781853,4.020634068,1.106045438,7.018572874,7.484445111,10.78570454,13.3020117,12.71360087,9.497866542,14.44319457,12.6710122,1.366255955,16.47269037,9.793694127,6.235883575,19.22248235,15.83772881,23.11891391,7.572043013,17.9825967,15.32367952,7.380165165,19.33287109,15.70972122,14.13616137,7.447233139,4.785187189,6.726356784,15.47876832,12.77909521,18.70795889,11.69747472,9.427727193,16.46025696,18.99638955,10.39143106,17.8494492,14.18532694,9.088205761,11.98244746,11.38195447,12.26146067,21.46011803,5.037488183,21.69068706,13.27688241,11.51918245,6.804411767,12.63461959,11.73720084,9.109330085,6.655122163,17.17741063,4.132151559,11.51517259,9.17228056,5.8857112,7.113921494,13.75004618,12.19974172,15.53701461,7.79973302,9.039080409,19.35026967,4.135846126,12.37112645,11.67981834,21.34827558,20.11964331,14.96211308,11.70875462,5.707566471,4.336273945,2.754295433,15.87115813,18.93117718
15.988868,11.83210893,18.40180873,0,20.68896697,17.59793539,12.67245668,16.36286976,14.49533994,13.35917159,11.16386735,12.0940009,5.600732628,11.42098094,9.914889863,8.185036493,4.967331874,16.2621214,15.77727944,13.55632023,19.45967399,7.906639323,17.42790744,14.01953354,15.97020822,16.78367413,17.47420611,12.02337041,11.34743518,7.772567639,5.486980426,6.910662982,13.88561604,18.2593064,7.854850531,19.70217743,12.71493168,17.24168203,14.45874504,17.95550018,10.72132953,4.924941078,14.32012506,13.0497987,3.176283528,11.16672939,1.221957234,15.91459675,4.265807776,11.05315301,18.13360108,11.71316456,4.187272618,5.672994956,18.01651942,6.816318471,9.76455792,10.34187826,14.53290541,17.37760247,3.384099742,4.880269716,17.08803836,15.71541173,18.89574462,7.991315732,3.851426598,17.22833761,3.929866619,12.78959077,15.78679394,16.47087598,5.772670683,18.5994079,18.18038558,20.32874496,10.30393424,14.3365712,11.14822559,18.04898761,22.94834655,15.57663466,11.64415281,8.584620564,3.745854595,16.88293729,12.67089369,5.514222194,21.9752482,6.420068711,8.040213033,3.785012358,4.368928189,3.574109665,8.862315941,22.72191493,17.74756877,17.9851092,12.32422048,10.27154671
12.22812452,19.51761818,6.880980454,20.68896697,0,10.82810126,11.40485601,11.64131132,7.153124047,19.02795871,19.20009315,15.56912192,20.34256427,15.91288887,16.42028261,19.54215234,16.21001688,6.789770117,13.58926487,11.05234179,1.323854555,13.07868812,5.626458675,9.376479871,11.92132733,10.7467954,6.538241384,11.98696326,9.660678306,14.2926063,16.66586222,13.89901244,15.72545543,9.475491508,13.24844162,7.220728443,14.00169936,16.57354329,6.262810295,14.90393666,14.24172169,24.75939097,13.83483449,15.42435886,18.07896238,10.15423911,21.31314178,11.8434071,16.70473757,10.34431962,2.909725216,10.75218654,16.8698192,15.20872452,14.29837868,14.97071893,13.92269694,14.9932961,15.93830257,5.810639368,19.01632348,17.6014854,4.920323341,8.245525348,5.905046215,12.97161558,22.85486605,3.630525287,23.14032878,10.96427046,18.08283823,13.52746247,15.26522191,6.431488851,4.124588233,0.366524568,15.70668722,9.089403976,17.06571663,4.274924145,4.006941693,5.203085581,11.94987647,16.91636947,17.14288557,14.57276682,8.280052616,19.73243053,5.071142848,14.28047534,16.01262134,22.73486597,20.98666212,17.81089054,12.14370876,3.8601056,11.20331084,4.463413144,13.57375226,17.51315565
18.76063924,10.6145538,3.973218067,17.59793539,10.82810126,0,15.84745878,18.45537838,6.283282016,9.501110757,10.59803793,19.54793956,20.2279967,7.633929584,19.08907247,12.35198797,15.2201616,4.732779501,3.305143936,4.091346829,10.66362289,10.4543126,13.52533713,14.67358303,1.921937343,0.82267376,4.378568555,5.581740516,8.309327271,9.85333409,12.15213141,13.11541141,6.116005538,17.61566569,13.44054434,4.185798959,18.47774366,5.841739143,8.694160357,21.94830852,17.46055838,22.49910507,4.333552722,19.94373256,14.42185893,7.816609157,18.67443989,18.3829048,13.47237591,7.769523109,8.491090865,6.359883917,15.46197275,12.36202223,21.4912244,10.81068172,7.881282511,17.97371591,21.14858651,13.67466097,17.79084,12.90952359,12.38013014,14.84964057,14.86683452,13.0069111,21.06226843,8.499809105,21.24857123,15.44904563,7.718625272,2.950862893,12.09513898,15.15211824,12.61257795,10.58504095,18.64495121,4.242624778,8.685694113,12.64831392,9.591863517,10.06505303,15.64349079,10.07254951,15.37991199,3.866105762,11.09297852,19.66827046,7.647401896,12.35740831,9.940599976,20.96059636,20.10860345,14.02594213,12.6891603,9.443048734,0.401994488,6.49436135,17.83276313,20.26815258
3.761102218,18.29708883,13.71524495,12.67245668,11.40485601,15.84745878,0,3.910257218,9.639163875,18.8525613,17.67845729,4.219840619,10.00196678,15.3198973,5.129818738,16.180989,7.758283672,11.59143996,16.52877152,12.78202006,10.11110088,8.537106813,6.160882167,2.059536037,15.44737247,15.19081697,12.6331209,12.25964106,7.965214201,10.65521689,11.62025196,6.634825929,16.82260143,5.60632938,5.412036574,14.9647008,2.77496965,19.51421812,7.480275115,6.693998937,2.954570319,15.28830525,15.6972398,4.286695171,11.48279154,8.72236653,12.73673433,3.540294664,10.29846442,8.882895076,10.22473355,10.52166639,8.535836932,9.251913833,6.438690187,10.56027258,12.20128477,3.716585617,5.317372409,6.021513983,9.785671191,12.28692523,6.523914348,3.624179368,7.096697611,5.56291954,13.30264115,9.407862799,13.61907444,0.455633115,19.64687885,16.95479718,9.614991994,6.638375581,7.504170274,11.14030612,4.384848552,11.67646672,16.06267631,7.342514185,15.07222721,6.940057531,1.028663666,14.23708487,9.041439826,17.94850676,4.769879795,9.45487783,15.20073474,7.976569879,12.97138888,13.18735394,11.06481452,11.45878925,4.971118773,14.87224804,16.21380854,11.52019979,2.227286899,6.149333241
0.677325178,22.05025307,15.7007353,16.36286976,11.64131132,18.45537838,3.910257218,0,12.18411283,22.5035781,21.44994657,5.520471184,12.97598206,18.93719812,7.478526487,20.06143525,11.54268428,13.86391991,19.61872912,15.89295493,10.52887307,12.34609355,6.043638298,3.906636652,18.36555306,17.89274264,14.70256617,15.6061289,11.25134901,14.45909099,15.5247384,10.54477109,20.24707151,2.815894875,9.321806073,16.79602647,4.09595492,22.70955002,9.763335544,3.522746086,5.797345039,18.48154912,18.95100157,4.858510848,15.36451082,12.06099206,16.30431456,0.478535688,14.20113326,12.24752569,11.43265621,13.82172008,12.30728518,13.16035094,3.036236269,14.42273031,15.8504748,6.385982449,4.667515767,5.855757923,13.28734699,16.19709428,6.970437802,3.727288573,6.001417901,9.469900562,16.5302791,10.82598039,16.84788898,4.000258294,23.07790088,19.96662974,13.51979899,5.434185288,7.534335677,11.47759483,6.778185246,14.5038771,19.74962289,7.392785294,15.6189902,8.587882283,4.870942743,18.04821465,12.83027925,21.01012524,7.635966075,12.50501273,16.23553201,11.88296335,16.78593148,16.42138499,14.2208797,15.35304376,8.847847321,15.45234839,18.84425523,13.1532443,4.221051728,8.073711511
12.47884503,12.51698424,4.423412893,14.49533994,7.153124047,6.283282016,9.639163875,12.18411283,0,12.23031098,12.14710615,13.51809283,15.58686767,8.904959831,13.3597864,12.39221674,10.76382704,2.105292589,7.729411074,4.328910794,6.300375763,6.589546924,7.661216346,8.390776128,6.29172239,5.709599805,3.329955991,4.92791097,3.202980497,7.34798284,9.832612843,8.388800687,9.160984378,11.52438209,8.266620087,5.783863042,12.33416882,10.89766228,2.460151619,15.66835933,11.52556027,19.04266359,7.445979978,13.82697235,11.56869984,3.344401317,15.32683103,12.10250199,10.27257969,3.483838402,4.246287051,3.600298401,11.2471914,8.823574497,15.21808082,8.136514391,6.770589903,12.11750816,14.95628874,7.782293378,13.59915511,10.76428461,6.564604466,8.628750767,9.191145828,7.863795124,17.30133418,3.604661445,17.5484464,9.225238112,11.82231388,7.95676325,8.762301424,9.363463046,7.099695621,6.798176254,12.82539252,2.492196955,10.03086697,7.084836617,8.512296418,4.056303356,9.536530888,9.764536861,11.36144294,9.037617484,4.869866642,14.98257136,7.491706793,8.216010989,8.889594139,17.18637003,15.83152028,11.2452365,7.288570282,8.288047426,6.667340313,3.508886172,11.70585475,14.55508634
22.53153033,1.737469667,12.92572084,13.35917159,19.02795871,9.501110757,18.8525613,22.5035781,12.23031098,0,2.273193005,21.13926339,18.12223562,3.579029786,19.71825906,5.317770417,13.94234863,12.24988747,6.205068586,7.996369735,18.40436216,10.43948746,19.55509289,18.69051541,7.697509823,9.073369039,12.75304532,7.386815617,11.45995589,8.397253978,8.787603876,13.06795263,3.433212919,22.81392486,14.09196495,13.55884886,20.73371943,5.171900938,14.28391749,25.5451985,19.00578453,17.92109098,5.353820548,21.87963481,10.78322489,10.63553757,14.57956488,22.24096166,10.77662665,10.42588043,16.19877363,9.082236957,13.68019285,10.73257203,25.28109161,8.844911733,6.65794131,19.17243741,23.39045773,19.6386538,15.33261146,8.865514891,18.56127448,19.67670864,21.18594905,13.75521505,17.20446289,15.75067255,17.25788489,18.62094516,2.888938773,6.685334858,10.29424225,21.2545477,19.24946918,18.70661261,19.61842442,9.966456875,2.820008418,19.21430544,18.80983935,16.04499784,18.15991604,5.205906375,13.28538142,6.19676635,15.13957216,17.75091726,16.97846918,11.67281554,6.324818492,17.14207713,17.32839824,10.43587037,14.05294203,18.63325782,9.323750459,14.6298065,20.09204315,20.67287236
21.41630465,0.698249885,13.60270506,11.16386735,19.20009315,10.59803793,17.67845729,21.44994657,12.14710615,2.273193005,0,19.61929701,16.08297013,3.301140921,18.05940108,3.051265262,12.13857648,12.55346546,7.45101395,8.228488044,18.44000281,9.144612848,19.06355208,17.74335034,8.692194309,10.0347097,13.25035886,7.226886638,10.79529324,7.029683404,6.908487833,11.54167675,4.591018996,22.02051586,12.64609484,14.41765429,19.35042387,7.161903313,13.93724482,24.33135398,17.53305596,15.66643788,6.265930802,20.40731903,8.728413899,9.998860337,12.38019095,21.15173686,8.880713601,9.780087485,16.30701292,8.696034802,11.80154945,9.049001399,24.1130636,7.280267264,5.782404418,17.62987874,21.94486771,19.12723707,13.30217467,6.846436955,18.14431543,18.88223413,20.72218719,12.34900385,14.99721845,15.74680906,15.04044232,17.49048651,5.065866235,8.047307774,8.611441744,20.73089225,18.93103296,18.85999047,18.02288173,10.14378027,2.137329197,18.87752464,19.4505721,15.68766518,16.90818828,3.500672311,11.37090642,7.805438285,14.36829481,15.74233498,17.73149753,10.11232993,4.750390715,14.93840238,15.22156326,8.404429966,12.75689757,19.25886316,10.49512424,14.94370408,18.72664663,18.95446779
4.902820225,20.28942218,17.75571111,12.0940009,15.56912192,19.54793956,4.219840619,5.520471184,13.51809283,21.13926339,19.61929701,0,7.781644632,17.78165281,2.24435099,17.58000683,7.933467223,15.55383154,19.79666354,16.12199907,14.29096647,10.75681645,10.14594749,6.195934933,18.91072664,18.83651177,16.65840502,15.3239151,11.32470426,12.74346074,12.91313691,8.08619781,19.62736877,8.239783777,7.055569072,19.04128031,1.614435941,22.60098395,11.54034425,5.94136546,2.177982828,13.34306726,18.78513617,0.958455645,11.99211178,11.96760465,11.74937143,5.054445341,11.15420348,12.08316923,14.43974885,13.72244657,8.56465456,10.60357025,6.107234028,12.34778263,14.70110915,1.997013308,2.470862772,9.986004731,8.752857101,13.33453663,10.65587053,7.474854537,10.7754032,7.414600525,11.46652146,13.6120501,11.77777909,4.674670826,22.38103423,20.29746788,11.03408945,10.24835201,11.57279607,15.31721632,1.79779875,15.31017485,18.32225339,11.41180027,19.28469716,11.14363195,4.005965575,16.12143828,9.10854663,21.22023268,8.717020236,7.399645165,19.41337956,9.508559014,14.89199199,11.36725254,9.150278787,12.11060807,7.286045617,19.08622477,19.89283263,15.67731028,2.001208411,2.565426967
12.44832268,16.77767313,19.94939546,5.600732628,20.34256427,20.2279967,10.00196678,12.97598206,15.58686767,18.12223562,16.08297013,7.781644632,0,15.53411082,5.573593879,13.3067348,5.008440709,17.63632069,19.18029098,16.17726372,19.02507495,9.775333144,15.87272726,11.86937229,18.9300077,19.41180936,18.88810093,14.83244869,12.46676767,10.79935159,9.405471149,7.24637455,17.89297916,15.4003972,7.367241733,21.31456871,8.912442211,21.24743908,14.6440152,13.67426675,7.253698295,5.561847559,17.82557649,8.703625973,7.354990507,12.6643257,4.740384543,12.49795064,7.462728612,12.64557474,18.29334941,13.8799706,4.829319241,8.072012933,13.88087538,9.948175908,13.08501394,6.600115314,9.974976536,15.7670343,2.78999626,9.25854468,15.90551937,13.569284,17.0299949,7.745515059,3.710848826,17.35760798,4.015178225,10.29577056,20.2061643,19.83022667,8.435164597,16.60494984,16.99481488,20.01437257,6.218265641,16.30758527,15.57851796,16.84073428,23.3705977,15.18269876,9.070332422,12.98160787,5.044740981,20.4705238,12.10400441,0.614723249,22.85387562,7.872400053,12.06640305,3.619251415,1.4664042,7.689233508,8.43060132,23.14790836,20.46858375,18.76403753,8.763530424,5.421738887
18.97690459,3.614140557,10.36032844,11.42098094,15.91288887,7.633929584,15.3198973,18.93719812,8.904959831,3.579029786,3.301140921,17.78165281,15.53411082,0,16.49446249,4.7503228,10.97632241,9.25239727,4.809686149,4.928739735,15.17886763,7.025786393,16.04285071,15.11430407,5.714536587,6.983972716,9.965645407,3.978579839,7.889366701,5.104344176,6.17449648,9.787331508,2.465625797,19.23947626,10.72956583,11.24154145,17.28689602,5.826536644,10.81713065,22.01364865,15.62394013,16.27260295,3.399591364,18.48416113,8.448449296,7.066822034,12.62277914,18.68116117,8.072269396,6.855284728,13.02704151,5.573029448,10.84324903,7.687359239,21.73644015,5.735859096,3.12460948,15.84358993,19.97208999,16.1199658,12.77386512,6.56650631,15.07486855,16.10089972,17.6857349,10.36759884,15.22574126,12.49131423,15.33597229,15.07599308,4.733361374,5.491068113,7.265406811,17.73407277,15.80742119,15.57533974,16.33309662,6.844574762,1.167330961,15.76357083,16.17975957,12.57836816,14.65775383,2.879470116,10.52514618,5.625039655,11.56299389,15.09499248,14.4958656,8.45383784,3.483218664,15.14553724,14.94239183,8.05687531,10.59391049,15.98512038,7.598087054,11.64260267,16.6376059,17.50805061
6.917121344,18.74370678,17.73645456,9.914889863,16.42028261,19.08907247,5.129818738,7.478526487,13.3597864,19.71825906,18.05940108,2.24435099,5.573593879,16.49446249,0,15.8337515,6.054996908,15.4540559,18.97064407,15.41237393,15.10716741,9.556570873,11.29054163,7.182476228,18.24839291,18.33468617,16.6304223,14.43893125,10.7798863,11.39318653,11.21850012,6.709924158,18.5010067,10.04763897,5.891533925,19.06879945,3.383117723,21.61496958,11.67582634,8.185451191,2.188976334,11.13263949,17.84844703,3.196133606,10.05837144,11.31256912,9.524951304,7.000583958,9.356003467,11.39211258,14.92807454,12.9736162,6.603928017,9.015089992,8.345835443,10.87335837,13.49893645,1.42891987,4.623752852,11.15118985,6.549936509,11.54062174,11.60595138,8.722139701,12.1680699,6.305544388,9.237734982,14.04264373,9.550571882,5.532539455,21.1803652,19.52057078,9.454064411,11.68006772,12.61572641,16.13564286,0.75462068,14.86035234,16.92516917,12.45442488,19.93041319,11.61715083,4.470756337,14.59102024,7.135400693,20.37884897,8.829037927,5.167923822,19.83527183,8.056810501,13.40339082,9.136794626,6.917875847,10.21707241,6.433933057,19.721071,19.40855585,15.91810208,3.358565668,1.195339377
19.94023866,3.682154807,14.74579122,8.185036493,19.54215234,12.35198797,16.180989,20.06143525,12.39221674,5.317770417,3.051265262,17.58000683,13.3067348,4.7503228,15.8337515,0,9.790426695,13.27777718,9.537978703,9.165960137,18.61847301,7.812509029,18.51111555,16.57558818,10.44174573,11.66745045,14.18623553,7.802079556,10.31795604,5.804425382,4.674715596,9.677627228,6.902925345,20.99185914,10.87025569,15.7541918,17.5157437,9.923263165,13.74084927,22.67980177,15.59434074,12.61754635,8.148852035,18.42815218,6.024777648,9.621162335,9.391595656,19.71672103,6.479515873,9.407072778,16.63819474,8.791991535,9.33538033,7.03887474,22.52864155,5.652071813,5.622949868,15.58475965,19.98710568,18.5458126,10.56197275,4.3030188,17.71643235,17.90832447,20.17473374,10.64808268,11.99334829,15.94718135,12.02480703,16.06118789,8.020054759,10.20625522,6.632321335,20.10042976,18.62014642,19.18477257,15.8925196,10.84987506,3.868131912,18.54271524,20.39511003,15.41176212,15.31215968,2.631267027,8.853600369,10.20793353,13.55447106,13.01400948,18.85292407,8.258894221,3.616348937,11.93887478,12.35171819,5.757154602,11.21489898,20.1877618,12.33496944,15.585464,16.92790982,16.62988476
11.22458171,12.83220663,15.05357878,4.967331874,16.21001688,15.2201616,7.758283672,11.54268428,10.76382704,13.94234863,12.13857648,7.933467223,5.008440709,10.97632241,6.054996908,9.790426695,0,12.7618638,14.27244599,11.17625587,14.9312101,4.770550041,12.5383451,9.052227896,13.94667801,14.40454781,14.01510122,9.858800232,7.583224058,5.987741709,5.234897006,2.393471654,13.21547971,13.31580633,3.00527641,16.41330928,8.184089496,16.51377579,10.1538335,13.48823477,6.166314345,8.550013926,12.96036714,8.838344692,4.060798719,7.705633524,5.254244819,11.11154287,3.312342737,7.672526826,13.87051872,8.871896863,0.782384794,3.291595625,13.46445982,5.243739099,8.267359001,5.980047361,10.39466612,12.47771762,2.858921198,5.490350725,12.27865817,10.7503982,13.96656342,3.241247087,6.668630152,12.93778619,6.944790632,7.848028843,15.70866793,14.90671552,3.710960932,13.65412582,13.38127741,15.86039069,6.178377687,11.31990101,11.22129194,13.2426263,18.87421162,11.01456536,6.735361726,8.743031112,1.287697863,15.5981631,7.982318843,4.450428061,18.17237579,2.87025379,7.640755714,6.549558558,5.07019731,4.18106077,4.089496954,18.64825973,15.46299213,14.08305665,7.697871053,6.846757628
14.21434688,12.82032928,2.324791485,16.2621214,6.789770117,4.732779501,11.59143996,13.86391991,2.105292589,12.24988747,12.55346546,15.55383154,17.63632069,9.25239727,15.4540559,13.27777718,12.7618638,0,6.929034449,4.328338608,6.296234926,8.387638933,8.792925479,10.19295469,5.304802579,4.353608143,1.253518864,5.486344657,5.180678639,8.798020801,11.32444289,10.4089095,8.93599127,12.89549785,10.34695103,3.689826846,14.32247106,10.03319455,4.154752036,17.37973152,13.5929993,20.91511792,7.052393259,15.82529464,13.23817546,5.138112544,17.1537668,13.82765223,12.00215456,5.226770241,4.053051919,4.75760243,13.2075336,10.6039395,16.89646066,9.669798716,7.74048874,14.19823042,16.90168411,8.941890737,15.57359573,12.23404268,7.648201615,10.19940415,10.15611176,9.938340122,19.22170032,3.855499959,19.45901203,11.16398397,11.34748226,6.979451747,10.49066124,10.42696677,7.918616266,6.478972673,14.910136,2.439727971,10.41817591,7.9453531,7.138856555,5.358804678,11.55622171,10.66378225,13.28616411,8.063333902,6.851220821,17.03556385,5.794001285,10.12158417,9.976911868,19.10854277,17.83144078,12.8908916,9.384670573,6.926433478,5.134360469,2.394173522,13.7059555,16.64937188
19.82204866,7.397875477,6.987493959,15.77727944,13.58926487,3.305143936,16.52877152,19.61872912,7.729411074,6.205068586,7.45101395,19.79666354,19.18029098,4.809686149,18.97064407,9.537978703,14.27244599,6.929034449,0,3.749289852,13.2128103,9.615022654,15.38266801,15.72166217,1.673439693,2.979716801,7.064126474,4.536390723,8.572664056,8.395722754,10.30749446,12.48971003,2.875655693,19.21933173,13.09809904,7.438994317,18.94839378,3.168833083,10.15469314,23.00339359,17.63224734,20.69663556,1.470337908,20.33084418,12.64882841,7.856918384,16.93291458,19.47001174,11.94240196,7.72514271,10.97254603,6.077314015,14.35199286,11.11024662,22.61241537,9.293334316,6.138230785,18.03192078,21.67690948,15.50766859,16.54957447,10.91638608,14.271874,16.23651678,16.87762769,12.67483872,19.4587877,10.75819038,19.60681123,16.1828593,4.534399321,0.69900004,10.76158473,17.07767015,14.71038005,13.30700272,18.63998403,5.243041969,5.709216943,14.71592312,12.79753458,11.78320249,16.12545994,7.566386686,14.15965325,1.425503366,11.99477471,18.66886437,10.8949464,11.44252074,7.771055474,19.36734673,18.83215395,12.24515035,12.57603334,12.63626135,3.119062521,9.130185756,18.28665056,20.10000121
16.08345629,8.493165391,5.580312335,13.55632023,11.05234179,4.091346829,12.78202006,15.89295493,4.328910794,7.996369735,8.228488044,16.12199907,16.17726372,4.928739735,15.41237393,9.165960137,11.17625587,4.328338608,3.749289852,0,10.40839263,6.406195387,11.92947675,11.99023919,2.843204557,3.268677484,5.066166395,1.557843176,4.837146182,5.788265551,8.162809819,9.155154184,4.834362293,15.60794354,9.608258921,6.636927497,15.22689358,6.818916038,6.618741232,19.26083536,13.97116032,18.43936511,3.152798982,16.62673824,10.38553834,4.154432748,14.61188215,15.73466746,9.393952486,4.043721666,8.204466262,2.440404609,11.38927788,8.271069446,18.87635601,6.746657437,3.987767235,14.4062774,17.9514818,12.03885418,13.70735285,8.970191648,10.85924154,12.57337446,13.49488552,9.176481623,16.97711303,7.764456701,17.16682394,12.43406324,7.509796293,4.187232795,8.00470563,13.6394972,11.42804817,10.72471665,15.03790659,1.970295047,6.095777407,11.41125391,11.29477802,8.329694815,12.39607089,6.627315012,11.29469595,5.166580235,8.259958959,15.62649364,9.691630114,8.306593795,6.197256121,16.87470405,16.02461175,9.994744022,8.980845307,11.09485308,4.301139455,6.721787464,14.56638245,16.56601653
11.09372448,18.79288864,6.832852469,19.45967399,1.323854555,10.66362289,10.11110088,10.52887307,6.300375763,18.40436216,18.44000281,14.29096647,19.02507495,15.17886763,15.10716741,18.61847301,14.9312101,6.296234926,13.2128103,10.40839263,0,11.9328504,4.485296216,8.095057557,11.56719094,10.48297135,6.289276687,11.2135836,8.565963469,13.2422696,15.56730493,12.63708718,15.17534187,8.518162038,11.95871459,7.412580629,12.73401639,16.2778629,5.105789867,13.86655714,12.93137212,23.47747656,13.32344877,14.17084602,16.90408996,9.113106882,20.06000427,10.7035632,15.52348689,9.311818308,2.243184616,9.862297463,15.60034484,14.02903461,13.27327589,13.88185928,13.02093029,13.68112475,14.73217138,4.673116802,17.72665219,16.49979986,3.674678153,7.035786302,5.023021341,11.69045877,21.56534876,2.695714739,21.85268828,9.667640022,17.64212452,13.21772037,14.10387625,5.506036452,3.002269413,1.029927422,14.39647363,8.439156576,16.31653819,3.138415823,5.103671328,3.916662651,10.63785979,16.0056479,15.88471896,14.28715068,6.979421169,18.41546761,5.830601588,13.06606751,15.05155835,21.44524429,19.6805402,16.64698352,10.85555707,4.929491674,11.05343408,4.169480082,12.29246209,16.20554246
12.28446524,9.771459917,10.58996916,7.906639323,13.07868812,10.4543126,8.537106813,12.34609355,6.589546924,10.43948746,9.144612848,10.75681645,9.775333144,7.025786393,9.556570873,7.812509029,4.770550041,8.387638933,9.615022654,6.406195387,11.9328504,0,10.91656217,8.768386032,9.190071057,9.637106533,9.617966405,5.125580565,3.481406828,2.118199689,3.736383056,2.895337644,8.944818369,13.17957708,3.712231635,11.92276256,10.29423227,12.08827105,6.828139613,15.18889638,8.598313051,12.53240699,8.381672327,11.46141792,5.032234604,3.263405046,8.767115846,12.03059669,3.696073782,3.161210825,10.37307367,4.126442096,5.023874802,2.234052839,14.96886014,2.203507008,3.955811868,8.82865885,12.9587229,10.92782366,7.380890355,4.638681545,10.25437839,10.10536175,12.55722836,3.342225961,10.87980346,9.503634411,11.10495901,8.362889916,11.64775753,10.2235277,2.203263598,12.42661608,11.2557342,12.71270538,9.342164735,6.659175951,7.621402206,11.1543146,15.0670509,8.234334746,7.767914014,5.704484522,4.997771086,10.98264942,5.871707963,9.220978093,14.06976521,1.903189812,4.44053759,10.76937663,9.693572334,4.742041506,3.624983442,14.8411691,10.69331497,10.08592683,9.653300989,10.62649122
6.611957118,19.54669741,10.22324751,17.42790744,5.626458675,13.52533713,6.160882167,6.043638298,7.661216346,19.55509289,19.06355208,10.14594749,15.87272726,16.04285071,11.29054163,18.51111555,12.5383451,8.792925479,15.38266801,11.92947675,4.485296216,10.91656217,0,4.112790863,13.8924455,13.11570879,9.353573486,12.18294524,8.285556037,12.73410824,14.63386576,10.56251327,16.70893422,4.240624329,9.575012742,11.15495447,8.543076697,18.55138833,5.319449556,9.41253586,9.110052051,20.83626735,15.0771651,9.90376772,15.39289503,9.067434614,17.79154199,6.223839269,14.02272844,9.286758575,5.602303051,10.47646142,13.2920126,12.61748922,8.831759237,13.10168422,13.29579318,9.873429249,10.32805072,0.188441429,15.09984931,15.50386768,1.146926772,2.681074336,1.666335529,9.445857344,18.85930643,5.18613801,19.16611012,5.764337006,19.43786767,15.57488449,12.82520096,1.711014628,1.501887969,5.443858873,10.54545403,10.15335299,17.06718155,1.353725169,9.580375489,3.60678926,6.912850517,16.06673658,13.68938836,16.66267519,5.051062526,15.28862664,10.22954452,11.42984105,14.91436149,18.73987836,16.75944486,15.22639135,8.578672208,9.411118578,13.92706159,7.512991996,8.189783497,12.29467723
4.111618239,18.32097309,12.18571967,14.01953354,9.376479871,14.67358303,2.059536037,3.906636652,8.390776128,18.69051541,17.74335034,6.195934933,11.86937229,15.11430407,7.182476228,16.57558818,9.052227896,10.19295469,15.72166217,11.99023919,8.095057557,8.768386032,4.112790863,0,14.4952079,14.07801427,11.13625195,11.70835775,7.356552408,10.84280122,12.20816058,7.478407823,16.35524269,4.458562161,6.31553834,13.37413507,4.651278047,18.80497318,6.040049266,7.304666872,4.998648995,17.01002864,15.04443383,6.119909226,12.44482666,8.171486151,14.21942876,3.750777557,11.1582513,8.362358952,8.370917967,9.92140331,9.832596718,9.929701798,6.892611963,10.92985315,12.06041743,5.762172885,6.88956251,3.979814385,11.36855636,12.97115454,4.475414449,1.728901754,5.160978439,6.330408208,15.02221574,7.607983023,15.33515785,1.651756959,19.18456132,16.08109994,10.23615119,4.750294246,5.444864342,9.121619229,6.440812751,10.64294217,15.96888583,5.283189359,13.10589549,5.1750171,2.821115228,14.4132962,10.29523705,17.1180458,3.730743981,11.30069374,13.3408016,8.65138534,13.16553655,14.90453349,12.84400143,12.3592279,5.555153392,12.91086462,15.05589158,9.822957111,4.197856779,8.2087094
18.60673375,8.731732988,5.330781853,15.97020822,11.92132733,1.921937343,15.44737247,18.36555306,6.29172239,7.697509823,8.692194309,18.91072664,18.9300077,5.714536587,18.24839291,10.44174573,13.94667801,5.304802579,1.673439693,2.843204557,11.56719094,9.190071057,13.8924455,14.4952079,0,1.375956344,5.391934129,4.101059111,7.58884304,8.313849617,10.49017979,11.98089152,4.274170612,17.81610315,12.45142748,5.86281925,17.96394865,4.72894963,8.74747158,21.79885624,16.77192013,20.89040439,2.427913215,19.38669461,12.79900463,6.958205307,17.07972602,18.24411949,11.93723186,6.862823855,9.331031066,5.282356402,14.11614046,10.93329058,21.38253202,9.258810434,6.205994335,17.22437418,20.67718914,14.02465134,16.39789106,11.20151199,12.76802754,14.8936053,15.35102833,12.01968456,19.52797977,9.153260886,19.69947502,15.07880282,6.204018159,1.687259245,10.62964294,15.57414737,13.15587006,11.64189403,17.86378545,3.865047296,6.764142609,13.16870611,11.17166599,10.3139269,15.12382118,8.207327847,13.98503247,2.777168043,10.79768283,18.39059354,9.297632901,11.0784758,8.158055994,19.43016087,18.70835102,12.39820428,11.8148466,11.00530451,1.89978281,7.465712814,17.30670054,19.40516802
18.17834889,10.09294728,4.020634068,16.78367413,10.7467954,0.82267376,15.19081697,17.89274264,5.709599805,9.073369039,10.0347097,18.83651177,19.41180936,6.983972716,18.33468617,11.66745045,14.40454781,4.353608143,2.979716801,3.268677484,10.48297135,9.637106533,13.11570879,14.07801427,1.375956344,0,4.215261694,4.76367991,7.560520828,9.034270405,11.34460925,12.31167873,5.649578431,17.15053734,12.65618935,4.488503398,17.79487107,5.826882228,8.153430527,21.37044475,16.73586964,21.6821167,3.785193211,19.2515166,13.60796772,7.041525934,17.85676661,17.80484437,12.65180431,6.986795906,8.270941317,5.55140445,14.64200964,11.53937974,20.9256914,9.991952059,7.081076811,17.2366053,20.47875376,13.25871596,16.96930886,12.10990263,11.97583015,14.32539523,14.50675763,12.2223753,20.24076616,8.192408435,20.42767708,14.79983837,7.50226528,2.794019643,11.27264386,14.76742544,12.2722232,10.48342486,17.90188135,3.530257019,8.067279641,12.29844403,9.819462121,9.599921825,14.95593288,9.339131515,14.55807878,3.825979908,10.45503869,18.85350263,7.930048667,11.54029484,9.16486663,20.13896128,19.28702751,13.21276545,11.92249195,9.657079537,1.077785139,6.329442103,17.14620534,19.51029804
15.08895109,13.46388149,1.106045438,17.47420611,6.538241384,4.378568555,12.6331209,14.70256617,3.329955991,12.75304532,13.25035886,16.65840502,18.88810093,9.965645407,16.6304223,14.18623553,14.01510122,1.253518864,7.064126474,5.066166395,6.289276687,9.617966405,9.353573486,11.13625195,5.391934129,4.215261694,0,6.391631641,6.434197332,9.942204743,12.4680319,11.66228794,9.361234724,13.54302491,11.59049928,2.455247441,15.38560457,10.03878267,5.153275055,18.22527664,14.73384249,22.14953371,7.437061636,16.89432581,14.42837801,6.378638966,18.37975646,14.69704379,13.21030475,6.460214541,4.115342877,5.87934359,14.45810712,11.82627082,17.72077281,10.8328262,8.739724658,15.35485287,17.92348414,9.515505518,16.82510249,13.36724809,8.209483417,10.99640478,10.59380268,11.18395204,20.46559506,4.203020723,20.70118409,12.19707797,11.58095882,6.989428843,11.70156264,10.91809234,8.322989081,6.269570026,16.07171457,3.378644336,11.13152728,8.372560146,6.228816266,6.119123986,12.65337642,11.59909382,14.53243245,8.039078207,7.941400791,18.28683694,4.705324018,11.36690472,10.99148168,20.35275842,19.08451795,14.07517889,10.61849685,6.028725436,4.771867272,2.121279217,14.78065808,17.82513581
15.73319727,7.589172736,7.018572874,12.02337041,11.98696326,5.581740516,12.25964106,15.6061289,4.92791097,7.386815617,7.226886638,15.3239151,14.83244869,3.978579839,14.43893125,7.802079556,9.858800232,5.486344657,4.536390723,1.557843176,11.2135836,5.125580565,12.18294524,11.70835775,4.101059111,4.76367991,6.391631641,0,4.355204379,4.272018331,6.610031751,7.972451507,4.654411498,15.59930387,8.562030401,8.137279069,14.55285481,7.293502891,6.897470889,18.87047731,13.15079179,16.91851678,3.467069765,15.89595338,8.849001678,3.554418993,13.09309842,15.40460727,7.894521146,3.381235697,9.086432321,1.790639077,10.01556651,6.837454339,18.52768236,5.229019488,2.441928762,13.524508,17.28421409,12.27197286,12.29928184,7.412621063,11.17683462,12.49302674,13.80527961,8.139472006,15.48839518,8.521570364,15.67103886,11.9492047,7.478636249,5.115240685,6.544620224,13.88773256,11.86672819,11.64321807,14.12075017,3.050354412,5.104188349,11.82940562,12.59303053,8.658239581,11.76435114,5.207479262,9.885756839,5.939952449,8.01452506,14.29676933,11.07993807,6.996251358,4.675450663,15.3878316,14.61159301,8.455658934,8.065586252,12.38580686,5.754781613,7.830619671,13.89024502,15.5647314
11.38081301,11.30120457,7.484445111,11.34743518,9.660678306,8.309327271,7.965214201,11.25134901,3.202980497,11.45995589,10.79529324,11.32470426,12.46676767,7.889366701,10.7798863,10.31795604,7.583224058,5.180678639,8.572664056,4.837146182,8.565963469,3.481406828,8.285556037,7.356552408,7.58884304,7.560520828,6.434197332,4.355204379,0,4.70071938,7.006831223,5.229622065,8.998692559,11.35524075,5.258739245,8.848719439,10.39142585,11.5531189,3.492831286,14.52734775,9.19659763,15.84452691,7.745517195,11.80096673,8.51263549,0.826188441,12.14570045,11.05019362,7.174595292,1.03417574,6.905224605,2.576944463,8.04840029,5.696449609,14.17632404,5.316563522,5.015936432,9.679229436,13.11465874,8.341662639,10.40610753,7.941689341,7.421966317,8.221497733,9.95003963,4.834634982,14.09836821,6.053693509,14.34561646,7.633054965,11.8282103,9.023764764,5.684036166,9.939239325,8.303047928,9.294158953,10.3414813,4.086136213,8.847904609,8.227829774,11.60179602,5.100018045,7.558970717,7.806840556,8.158498208,9.995834157,3.693889324,11.86946411,10.68457846,5.017544211,6.701654586,13.9834344,12.65340037,8.215546899,4.406156429,11.37548275,8.631792659,6.646131903,9.731565799,11.96027894
14.40226301,7.662179282,10.78570454,7.772567639,14.2926063,9.85333409,10.65521689,14.45909099,7.34798284,8.397253978,7.029683404,12.74346074,10.79935159,5.104344176,11.39318653,5.804425382,5.987741709,8.798020801,8.395722754,5.788265551,13.2422696,2.118199689,12.73410824,10.84280122,8.313849617,9.034270405,9.942204743,4.272018331,4.70071938,0,2.52690134,4.693325232,7.240180189,15.22288704,5.695008657,12.03941477,12.36202529,10.52604197,8.193091553,17.30170094,10.60894457,12.65157798,7.02641186,13.4836912,4.610873001,4.138396521,8.82453532,14.14686216,3.626694209,3.949955668,11.46018346,4.065271196,5.982007742,2.73239537,17.08580964,0.958443594,2.289506802,10.78264856,14.99964813,12.76241551,8.15434934,3.439160006,11.98053409,12.12093086,14.39360986,5.364693284,11.2218776,10.66324656,11.40108016,10.47976751,9.816345112,9.057915736,2.367040368,14.30529872,12.92472709,13.92709549,11.24890662,6.661467268,5.578969344,12.83745646,15.81693946,9.773229578,9.878736251,3.589124066,5.76613675,9.671356472,7.751919969,10.30292778,14.59171691,3.350831726,2.328492387,11.12247332,10.44345235,4.227670081,5.728618515,15.59550478,10.02428483,10.8181517,11.72841255,12.40396501
15.36426965,7.603946139,13.3020117,5.486980426,16.66586222,12.15213141,11.62025196,15.5247384,9.832612843,8.787603876,6.908487833,12.91313691,9.405471149,6.17449648,11.21850012,4.674715596,5.234897006,11.32444289,10.30749446,8.162809819,15.56730493,3.736383056,14.63386576,12.20816058,10.49017979,11.34460925,12.4680319,6.610031751,7.006831223,2.52690134,0,5.03311342,8.596429357,16.66436635,6.243444433,14.54302803,12.84673325,11.97306936,10.47028222,18.03636113,10.91968974,10.41180638,8.859493342,13.75537021,2.34198527,6.550710394,6.626670424,15.16006778,1.989228196,6.380056048,13.87650899,6.589448405,4.902969485,2.384126929,17.90396002,1.702368734,4.285489112,10.91667626,15.31359803,14.63910026,6.625264409,0.936936815,13.98964361,13.66477607,16.26460382,6.057803075,9.161509051,13.04948364,9.302144677,11.53620419,10.80396511,10.99800663,2.005260954,16.11326703,14.99180274,16.29939313,11.24268085,9.172438264,6.175006656,14.89067816,18.32469899,11.94628974,10.71470598,3.593282922,4.497792389,11.45340881,9.582967034,8.99889257,17.11781297,3.644610126,2.691813766,9.073007067,8.768128648,1.938556577,6.703618691,18.10239629,12.28637798,13.32081899,12.26484001,12.07057248
10.35335556,12.20759116,12.71360087,6.910662982,13.89901244,13.11541141,6.634825929,10.54477109,8.388800687,13.06795263,11.54167675,8.08619781,7.24637455,9.787331508,6.709924158,9.677627228,2.393471654,10.4089095,12.48971003,9.155154184,12.63708718,2.895337644,10.56251327,7.478407823,11.98089152,12.31167873,11.66228794,7.972451507,5.229622065,4.693325232,5.03311342,0,11.80990008,11.90867722,1.223127854,14.07719224,7.855024275,14.98094825,7.782432124,13.00599601,5.992740906,10.89490072,11.27462439,8.865726767,4.967171017,5.426178191,7.427436851,10.16414488,3.694075022,5.419098283,11.50063874,6.762889093,2.980983903,2.648989669,12.8709939,4.263383631,6.79831051,6.107602033,10.40611122,10.52350808,5.251595007,5.656127034,10.18116324,9.081176627,12.08021924,1.151699435,9.044114169,10.57087005,9.313722481,6.593039909,14.47134229,13.08592318,3.045458893,11.82547271,11.27115024,13.5451274,6.556511542,9.088849414,10.25737161,11.14084271,16.48783962,8.726713514,5.698726486,8.041342435,3.248944153,13.86717746,5.765094336,6.655128866,15.78014304,1.43560325,6.806354232,8.925772639,7.445941746,4.885762505,1.991934719,16.26170113,13.38353471,11.69000823,7.255648618,7.751266507
20.35767046,4.522554811,9.497866542,13.88561604,15.72545543,6.116005538,16.82260143,20.24707151,9.160984378,3.433212919,4.591018996,19.62736877,17.89297916,2.465625797,18.5010067,6.902925345,13.21547971,8.93599127,2.875655693,4.834362293,15.17534187,8.944818369,16.70893422,16.35524269,4.274170612,5.649578431,9.361234724,4.654411498,8.998692559,7.240180189,8.596429357,11.80990008,0,20.23787443,12.64055431,10.1300027,18.99212996,3.37676677,11.38978965,23.4748105,17.45138434,18.73720955,1.929150468,20.27005088,10.89395317,8.186100724,15.08586084,20.03552288,10.44900921,8.000625183,12.9458504,6.445007334,13.14445969,9.9298672,23.14806722,7.987462821,5.014660213,17.74090808,21.71176779,16.8100083,15.15366937,9.025013577,15.65965138,17.14128775,18.29743825,12.24919178,17.68514497,12.56806554,17.79813936,16.53298707,2.831584612,3.456380436,9.525264695,18.41977396,16.25680906,15.41444024,18.27770606,6.767135172,3.039232374,16.23693457,15.37983775,13.12675914,16.26092003,5.335738945,12.85883288,3.307224928,12.66868057,17.43476049,13.54538714,10.55924279,5.909213094,17.60395027,17.3524199,10.49920335,12.35015194,15.20463449,5.970625721,11.29050478,18.33281902,19.56080717
