Nodo_1,Nodo_2,Nodo_3,Nodo_4,Nodo_5,Nodo_6,Nodo_7,Nodo_8,Nodo_9,Nodo_10,Nodo_11,Nodo_12,Nodo_13,Nodo_14,Nodo_15,Nodo_16,Nodo_17,Nodo_18,Nodo_19,Nodo_20,Nodo_21,Nodo_22,Nodo_23,Nodo_24,Nodo_25,Nodo_26,Nodo_27,Nodo_28,Nodo_29,Nodo_30,Nodo_31,Nodo_32,Nodo_33,Nodo_34,Nodo_35,Nodo_36,Nodo_37,Nodo_38,Nodo_39,Nodo_40,Nodo_41,Nodo_42,Nodo_43,Nodo_44,Nodo_45,Nodo_46,Nodo_47,Nodo_48,Nodo_49,Nodo_50,Nodo_51,Nodo_52,Nodo_53,Nodo_54,Nodo_55,Nodo_56,Nodo_57,Nodo_58,Nodo_59,Nodo_60,Nodo_61,Nodo_62,Nodo_63,Nodo_64,Nodo_65,Nodo_66,Nodo_67,Nodo_68,Nodo_69,Nodo_70,Nodo_71,Nodo_72,Nodo_73,Nodo_74,Nodo_75,Nodo_76,Nodo_77,Nodo_78,Nodo_79,Nodo_80,Nodo_81,Nodo_82,Nodo_83,Nodo_84,Nodo_85,Nodo_86,Nodo_87,Nodo_88,Nodo_89,Nodo_90,Nodo_91,Nodo_92,Nodo_93,Nodo_94,Nodo_95,Nodo_96,Nodo_97,Nodo_98,Nodo_99,Nodo_100
0,3.304113502,2.41552821,2.3983302,1.834218678,2.814095885,0.564165333,0.101598777,1.871826755,3.37972955,3.212445697,0.735423034,1.867248401,2.846535688,1.037568202,2.991035798,1.683687256,2.132152031,2.973307298,2.412518443,1.664058672,1.842669786,0.991793568,0.616742736,2.791010062,2.726752333,2.263342664,2.35997959,1.707121951,2.160339452,2.304640447,1.553003334,3.05365057,0.52375472,1.369762416,2.583716867,0.530870632,3.433502173,1.512832756,0.479074384,0.800663039,2.696140953,2.866587106,0.631225682,2.265917868,1.826969618,2.383310156,0.059755393,2.096489322,1.853957727,1.787900104,2.093597817,1.796970521,1.948239497,0.41946898,2.148182671,2.381041015,0.882710653,0.598771272,0.963789213,1.929367561,2.401345588,1.12461618,0.627990463,0.996945624,1.39621773,2.405065833,1.692399755,2.45262381,0.588905559,3.478375551,3.028403248,2.003967314,0.911980863,1.216516221,1.80823399,0.935099696,2.213114443,2.963927674,1.194762204,2.428838504,1.348878841,0.698195896,2.69822594,1.876466138,3.183381169,1.174144775,1.798702744,2.514293748,1.757972457,2.508466356,2.38895647,2.057714963,2.266700076,1.309832063,2.403318825,2.871905139,2.039353821,0.560307919,1.119710843
3.304113502,0,2.064546398,1.77481634,2.927642727,1.59218307,2.744563324,3.30753796,1.877547636,0.26062045,0.104737483,3.043413327,2.51665097,0.542121083,2.811556017,0.552323221,1.924830995,1.923049392,1.109681322,1.273974809,2.818933296,1.465718988,2.932004612,2.748145964,1.309759948,1.513942092,2.019582223,1.13837591,1.695180686,1.149326892,1.140591921,1.831138675,0.678383222,3.385716722,1.995348715,2.178635329,3.000398308,1.022656918,2.15670037,3.744042021,2.729467001,2.444515755,0.946171923,3.160784984,1.413550608,1.574334884,1.956938692,3.263725639,1.436665556,1.541697935,2.495555965,1.36904571,1.874795774,1.459596813,3.710167957,1.191651725,0.946011725,2.745282052,3.390986731,2.94224459,2.099682769,1.13161847,2.791369915,2.914605985,3.180117016,1.949881167,2.348849525,2.415810209,2.354625641,2.715220876,0.69177819,1.19383677,1.393872772,3.183459312,2.906036447,2.877316917,2.805138029,1.565368934,0.374568326,2.898657626,2.945110817,2.420187388,2.630851978,0.625219792,1.810328076,1.143807142,2.23590048,2.4658362,2.681695502,1.617144127,0.810904232,2.340254893,2.386373797,1.365177621,2.00859268,2.917000342,1.572923494,2.282154706,2.906401135,2.946598239
2.41552821,2.064546398,0,2.760271309,1.032147068,0.59598271,2.057286743,2.355110295,0.663511934,1.938858125,2.040405759,2.663356666,2.992409318,1.554049265,2.660468184,2.211868684,2.258036816,0.348718723,1.048124094,0.83704685,1.02492787,1.588495374,1.533487127,1.82785795,0.799617278,0.60309511,0.165906816,1.052785931,1.122666767,1.617855681,1.995301755,1.907040131,1.424679981,2.166479186,1.90065183,0.204938393,2.470903555,1.469054119,0.935382536,2.883372353,2.375659322,3.467837087,1.135806452,2.697389505,2.298551928,1.107024775,2.899930664,2.356458184,2.120424206,1.117084971,0.717778078,1.008953518,2.321815248,1.916864281,2.806193833,1.754621208,1.414159079,2.469038544,2.849458433,1.558714659,2.677417381,2.127799042,1.363230864,1.797367119,1.70729317,1.8392191,3.219017705,0.755623227,3.253603058,1.991532361,1.727877368,1.020661765,1.895192938,1.760580126,1.366399513,0.998268324,2.576611595,0.619822734,1.727275889,1.375842084,0.88285668,1.067088224,2.062506928,1.829961258,2.330552191,1.169959953,1.355862061,2.902540451,0.620376919,1.855668968,1.751972751,3.202241337,3.017946497,2.244316962,1.756313193,0.856134971,0.650441092,0.413144315,2.380673719,2.839676577
2.3983302,1.77481634,2.760271309,0,3.103345046,2.639690309,1.900868502,2.454430463,2.174300992,2.003875739,1.674580103,1.814100135,0.840109894,1.713147141,1.487233479,1.227755474,0.745099781,2.439318211,2.366591916,2.033448034,2.918951099,1.185995898,2.614186117,2.102930031,2.395531232,2.517551119,2.621130916,1.803505561,1.702115277,1.165885146,0.823047064,1.036599447,2.082842405,2.73889596,1.17822758,2.955326615,1.907239752,2.586252305,2.168811755,2.693325026,1.608199429,0.738741162,2.148018759,1.957469805,0.476442529,1.675009409,0.183293585,2.387189513,0.639871166,1.657972952,2.720040162,1.756974684,0.628090893,0.850949243,2.702477914,1.022447771,1.464683688,1.551281739,2.179935811,2.60664037,0.507614961,0.732040457,2.563205753,2.35731176,2.834361693,1.19869736,0.57771399,2.584250641,0.589479993,1.918438616,2.368019092,2.470631397,0.865900602,2.789911185,2.727057836,3.049311744,1.545590136,2.15048568,1.672233839,2.707348142,3.442251982,2.336495199,1.746622921,1.287693085,0.561878189,2.532440593,1.900634054,0.827133329,3.296287229,0.963010307,1.206031955,0.567751854,0.655339228,0.53611645,1.329347391,3.40828724,2.662135316,2.69776638,1.848633071,1.540732006
1.834218678,2.927642727,1.032147068,3.103345046,0,1.624215188,1.710728401,1.746196699,1.072968607,2.854193806,2.880013973,2.335368288,3.051384641,2.386933331,2.463042392,2.931322851,2.431502532,1.018465518,2.03838973,1.657851268,0.198578183,1.961803218,0.843968801,1.406471981,1.788199099,1.61201931,0.980736208,1.798044489,1.449101746,2.143890945,2.499879334,2.084851866,2.358818315,1.421323726,1.987266243,1.083109266,2.100254904,2.486031493,0.939421544,2.235590499,2.136258254,3.713908646,2.075225174,2.313653829,2.711844358,1.523135867,3.196971267,1.776511066,2.505710636,1.551647943,0.436458782,1.61282798,2.530472881,2.281308677,2.144756802,2.245607839,2.088404541,2.248994415,2.390745385,0.871595905,2.852448523,2.64022281,0.738048501,1.236828802,0.885756932,1.945742337,3.428229908,0.544578793,3.471049318,1.644640569,2.712425735,2.029119371,2.289783287,0.964723328,0.618688235,0.054978685,2.356003083,1.363410596,2.559857495,0.641238622,0.601041254,0.780462837,1.79248147,2.537455421,2.571432835,2.185915023,1.242007892,2.95986458,0.760671427,2.142071301,2.401893201,3.410229895,3.147999317,2.671633581,1.821556313,0.57901584,1.680496625,0.669511972,2.036062838,2.626973347
2.814095885,1.59218307,0.59598271,2.639690309,1.624215188,0,2.377118816,2.768306757,0.942492302,1.425166613,1.58970569,2.932190934,3.034199506,1.145089438,2.86336087,1.852798195,2.283024239,0.709916925,0.49577159,0.613702024,1.599543434,1.56814689,2.028800569,2.201037454,0.288290601,0.123401064,0.656785283,0.837261077,1.246399091,1.478000114,1.822819712,1.967311711,0.917400831,2.642349853,2.016081651,0.627869844,2.77166155,0.876260871,1.304124054,3.292246278,2.619083756,3.374865761,0.650032908,2.991559884,2.163278839,1.172491374,2.801165984,2.75743572,2.020856386,1.165428466,1.27366363,0.953982588,2.319295913,1.854303335,3.223683661,1.621602259,1.182192377,2.696057387,3.172287976,2.051199145,2.668626,1.936428538,1.857019522,2.227446086,2.230025178,1.951036665,3.159340264,1.274971366,3.187285685,2.317356845,1.157793791,0.442629434,1.814270847,2.272817736,1.891886692,1.587756143,2.796742682,0.636393717,1.302854117,1.897247088,1.438779528,1.509757954,2.346523618,1.510882427,2.306986798,0.579915864,1.663946779,2.950240568,1.147110284,1.853611247,1.491089996,3.144089454,3.016290518,2.10389132,1.903374044,1.41645731,0.060299173,0.974154203,2.674914469,3.040222887
0.564165333,2.744563324,2.057286743,1.900868502,1.710728401,2.377118816,0,0.586538583,1.445874581,2.827884195,2.651768594,0.632976093,1.500295017,2.297984595,0.769472811,2.42714835,1.163742551,1.738715994,2.479315728,1.917303008,1.516665132,1.280566022,0.924132325,0.308930406,2.31710587,2.278622546,1.894968135,1.838946159,1.19478213,1.598282533,1.743037795,0.995223889,2.523390215,0.840949407,0.811805486,2.244705119,0.416245448,2.927132718,1.122041267,1.004099841,0.443185548,2.293245788,2.354585969,0.643004276,1.722418731,1.308354979,1.91051015,0.5310442,1.544769663,1.332434261,1.533710032,1.578249958,1.28037554,1.387787075,0.965803528,1.584040887,1.830192715,0.557487843,0.797605861,0.903227097,1.467850679,1.843038784,0.978587152,0.543626905,1.064504642,0.834437931,1.995396173,1.41117942,2.042861165,0.068344967,2.947031827,2.543219577,1.442248799,0.995756337,1.125625541,1.671045918,0.657727283,1.751470009,2.409401447,1.101377128,2.260834082,1.04100863,0.15429955,2.135562731,1.356215974,2.692276015,0.715481969,1.418231675,2.280110211,1.196485482,1.945708331,1.978103091,1.659722178,1.718818388,0.745667816,2.230837206,2.43207128,1.728029969,0.334093035,0.922399986
0.101598777,3.30753796,2.355110295,2.454430463,1.746196699,2.768306757,0.586538583,0,1.827616924,3.375536715,3.217491986,0.828070678,1.946397309,2.840579718,1.121778973,3.009215288,1.731402642,2.079587987,2.942809368,2.383943239,1.579330961,1.851914033,0.906545745,0.585995498,2.754832959,2.683911396,2.205384926,2.340919335,1.687702352,2.168863648,2.328710761,1.581715663,3.037060727,0.422384231,1.398270911,2.519403971,0.614393238,3.406432504,1.464500332,0.528411913,0.869601756,2.772232367,2.842650236,0.728776627,2.304676623,1.809148809,2.445647183,0.071780353,2.13016999,1.837128853,1.714898431,2.073258012,1.846092776,1.974052641,0.45543544,2.163409546,2.377571219,0.957897367,0.700127365,0.878363689,1.993102049,2.429564142,1.04556567,0.559093286,0.900212685,1.420485084,2.479541866,1.623897059,2.527183347,0.600038744,3.461685132,2.994994461,2.027969849,0.815127793,1.130150352,1.721639224,1.016727787,2.175581564,2.962443434,1.108917794,2.342848531,1.288182342,0.730641411,2.707232198,1.924541888,3.151518787,1.145394911,1.87575191,2.435329802,1.782444502,2.517889722,2.463207749,2.133131955,2.302956564,1.327177098,2.317852258,2.826638285,1.972986644,0.633157759,1.211056727
1.871826755,1.877547636,0.663511934,2.174300992,1.072968607,0.942492302,1.445874581,1.827616924,0,1.834546647,1.822065923,2.027713925,2.338030151,1.335743975,2.00396796,1.858832511,1.614574056,0.315793888,1.159411661,0.649336619,0.945056365,0.988432039,1.149182452,1.258616419,0.943758359,0.856439971,0.499493399,0.739186645,0.480447075,1.102197426,1.474891926,1.258320103,1.374147657,1.728657314,1.239993013,0.867579456,1.850125324,1.634649343,0.369022743,2.3502539,1.728834041,2.856399539,1.116896997,2.074045853,1.735304976,0.501660198,2.299024655,1.815375298,1.540886953,0.52257576,0.636943058,0.54004476,1.687078711,1.323536175,2.282712123,1.220477159,1.015588485,1.817626224,2.243443311,1.167344007,2.039873266,1.614642692,0.98469067,1.294312615,1.378671874,1.179569269,2.595200127,0.540699217,2.632266961,1.383785717,1.773347082,1.193514488,1.314345214,1.404519457,1.064954343,1.019726438,1.923808878,0.373829543,1.504630045,1.062725493,1.276844463,0.608445503,1.430479633,1.464680529,1.704216441,1.355642623,0.730479996,2.247385704,1.123756019,1.232401648,1.333439121,2.577955505,2.374728042,1.686785474,1.093285542,1.243207114,1.000101047,0.526332926,1.755878212,2.183262951
3.37972955,0.26062045,1.938858125,2.003875739,2.854193806,1.425166613,2.827884195,3.375536715,1.834546647,0,0.340978951,3.170889508,2.718335344,0.536854468,2.957738859,0.797665563,2.091352294,1.837483121,0.930760288,1.19945546,2.760654324,1.565923119,2.933263934,2.803577311,1.154626473,1.361005356,1.912956798,1.108022343,1.718993383,1.259588097,1.318140581,1.960192894,0.514981938,3.422088729,2.113794742,2.033827329,3.110057914,0.775785141,2.142587623,3.831779775,2.850867679,2.688163647,0.803073082,3.281945222,1.617483733,1.595330635,2.186934732,3.336144249,1.616493998,1.563882065,2.429816045,1.362335544,2.052028927,1.609885805,3.792163742,1.32673676,0.998691196,2.875865611,3.508568659,2.94579807,2.299891719,1.329827234,2.784191173,2.951506295,3.177892357,2.063282258,2.580669434,2.362600883,2.588682734,2.793141775,0.433340816,1.002800229,1.544136337,3.188182155,2.887420377,2.805991891,2.942763663,1.494968531,0.423001263,2.882145816,2.821475903,2.406749676,2.723987406,0.780885956,1.992807214,0.929514953,2.270935824,2.662637589,2.546770378,1.750922331,0.948722774,2.57131157,2.599259735,1.565380556,2.107941305,2.794988673,1.398562569,2.194470975,3.013806473,3.100930855
3.212445697,0.104737483,2.040405759,1.674580103,2.880013973,1.58970569,2.651768594,3.217491986,1.822065923,0.340978951,0,2.942894552,2.412445519,0.495171138,2.708910162,0.457689789,1.820786471,1.883019818,1.117652093,1.234273207,2.766000421,1.371691927,2.859532812,2.661502551,1.303829146,1.505206455,1.987553829,1.084032996,1.619293986,1.054452511,1.036273175,1.731251513,0.688652849,3.303077379,1.896914226,2.162648143,2.90256358,1.074285497,2.090586723,3.649703097,2.629958395,2.349965682,0.93988962,3.061097854,1.309262085,1.499829051,1.857028642,3.172760529,1.33210704,1.467013123,2.446051938,1.30440522,1.770232417,1.35735021,3.616959539,1.09204009,0.867360663,2.644481811,3.291730156,2.869085561,1.995326201,1.026965543,2.721647314,2.83233512,3.108328078,1.852350578,2.249582767,2.362021359,2.256066348,2.623572977,0.759879935,1.207096166,1.291716262,3.109633838,2.839654943,2.82899857,2.703432259,1.52156704,0.32059938,2.831628697,2.917585815,2.353149778,2.536228242,0.525100847,1.705635963,1.170815743,2.155244221,2.361350246,2.659724629,1.516849489,0.712558607,2.240760358,2.283234489,1.260664495,1.913534636,2.888829474,1.574268636,2.241555612,2.808996995,2.843170168
0.735423034,3.043413327,2.663356666,1.814100135,2.335368288,2.932190934,0.632976093,0.828070678,2.027713925,3.170889508,2.942894552,0,1.167246695,2.667247921,0.336652648,2.637001024,1.190020083,2.333074731,2.96949953,2.41829986,2.143644971,1.613522467,1.521892123,0.92939024,2.836608996,2.825476765,2.498760752,2.298587264,1.698705639,1.911519111,1.936970537,1.212929671,2.944105315,1.235967567,1.058335361,2.856192046,0.242165391,3.390147592,1.731051638,0.891204819,0.326697424,2.001460089,2.817770426,0.143768347,1.798816767,1.795140698,1.762405715,0.758166801,1.673130521,1.812475384,2.165962327,2.058366985,1.284698184,1.590535537,0.916085104,1.852167395,2.205166373,0.299551996,0.370629416,1.49790071,1.312928565,2.000180494,1.598380579,1.121228181,1.61631048,1.112190079,1.719978219,2.041807515,1.766666863,0.701200624,3.357155135,3.044620183,1.655113418,1.537252801,1.73591941,2.297582448,0.269669813,2.296526228,2.748338009,1.71177004,2.892704574,1.671544793,0.600894836,2.418215742,1.366281995,3.183034901,1.307553035,1.109946775,2.912006934,1.426283852,2.233798798,1.705087881,1.372541818,1.81659121,1.092906843,2.862933715,2.983924895,2.351596542,0.300181262,0.384814045
1.867248401,2.51665097,2.992409318,0.840109894,3.051384641,3.034199506,1.500295017,1.946397309,2.338030151,2.718335344,2.412445519,1.167246695,0,2.330116624,0.836039082,1.99601022,0.751266106,2.645448103,2.877043647,2.426589557,2.853761243,1.466299972,2.380909089,1.780405843,2.839501155,2.911771404,2.833215139,2.224867304,1.870015151,1.619902739,1.410820672,1.086956183,2.683946874,2.31005958,1.10508626,3.197185307,1.336866332,3.187115862,2.19660228,2.051140013,1.088054744,0.834277134,2.673836474,1.305543896,1.103248576,1.899648855,0.711057681,1.874692595,1.119409292,1.896836211,2.744002412,2.081995589,0.724397886,1.21080194,2.082131308,1.492226386,1.962752091,0.990017297,1.49624648,2.365055144,0.418499439,1.388781702,2.385827905,2.0353926,2.554499235,1.161827259,0.556627324,2.603641197,0.602276734,1.544365584,3.030924645,2.974534001,1.26527469,2.490742476,2.549222233,3.002155886,0.932739846,2.446137791,2.336777694,2.526110142,3.505589655,2.277404815,1.360549863,1.947241181,0.756711147,3.070578569,1.815600661,0.092208487,3.428081343,1.180860008,1.809960458,0.542887712,0.21996063,1.153385026,1.264590198,3.472186254,3.070287562,2.81460563,1.314529564,0.813260833
2.846535688,0.542121083,1.554049265,1.713147141,2.386933331,1.145089438,2.297984595,2.840579718,1.335743975,0.536854468,0.495171138,2.667247921,2.330116624,0,2.474169373,0.71254842,1.646448362,1.38785959,0.721452922,0.73931096,2.276830145,1.053867959,2.406427607,2.267145611,0.857180488,1.047595907,1.494846811,0.596786976,1.183405005,0.765651626,0.926174472,1.468099726,0.36984387,2.885921439,1.609434874,1.686231218,2.593034403,0.873980497,1.622569598,3.302047297,2.34359102,2.440890442,0.509938705,2.772624169,1.267267394,1.060023305,1.893416871,2.802174176,1.210840409,1.028292709,1.954056227,0.835954417,1.626487354,1.153103886,3.260466023,0.860378864,0.468691422,2.376538489,2.995813498,2.41799487,1.916079769,0.984975946,2.261230282,2.415134958,2.652860235,1.555139826,2.283861188,1.873697134,2.300395843,2.261398962,0.710004206,0.823660217,1.089811022,2.660110916,2.371113178,2.336300961,2.449964493,1.026686214,0.175099644,2.364535625,2.426963935,1.886755224,2.198663074,0.431920517,1.578771928,0.843755948,1.734449083,2.264248872,2.174379841,1.268075676,0.5224828,2.271830586,2.241358774,1.208531297,1.589086574,2.397768057,1.139713058,1.746390401,2.495640885,2.626207592
1.037568202,2.811556017,2.660468184,1.487233479,2.463042392,2.86336087,0.769472811,1.121778973,2.00396796,2.957738859,2.708910162,0.336652648,0.836039082,2.474169373,0,2.375062725,0.908249536,2.318108386,2.84559661,2.311856089,2.266075112,1.433485631,1.693581245,1.077371434,2.737258936,2.750202925,2.494563346,2.165839688,1.616982944,1.70897798,1.682775019,1.006488624,2.775151004,1.507145845,0.883730089,2.860319918,0.507467658,3.242245438,1.751373951,1.227817679,0.32834645,1.669895924,2.677267054,0.479420041,1.508755716,1.696885368,1.428742696,1.050087594,1.40340052,1.708816888,2.239211182,1.94604243,0.990589203,1.352263499,1.251875316,1.631003756,2.024840467,0.21433798,0.693562928,1.672678478,0.982490476,1.731093262,1.740892707,1.308320955,1.825210484,0.945831658,1.385660247,2.10639656,1.432585782,0.829880918,3.17705478,2.928085617,1.418109662,1.752010158,1.892358961,2.420346429,0.113193102,2.22905285,2.538775376,1.868163732,2.989561978,1.742572624,0.670613451,2.188653036,1.070310104,3.056827345,1.324355689,0.775188573,2.975290775,1.208521575,2.010508623,1.370519194,1.037681377,1.532560861,0.965089958,2.958160649,2.911283378,2.387715312,0.50378485,0.179300907
2.991035798,0.552323221,2.211868684,1.227755474,2.931322851,1.852798195,2.42714835,3.009215288,1.858832511,0.797665563,0.457689789,2.637001024,1.99601022,0.71254842,2.375062725,0,1.468564004,1.991666577,1.430696805,1.374894021,2.792770952,1.171876354,2.776667333,2.486338227,1.566261859,1.750117567,2.12793533,1.170311933,1.547693406,0.870663807,0.701207339,1.451644084,1.035438802,3.14877887,1.630538353,2.363128769,2.627361555,1.488489475,2.061127391,3.401970266,2.33915111,1.892631953,1.222327805,2.764222827,0.903716647,1.44317435,1.408739348,2.957508155,0.971927381,1.411060917,2.495729211,1.31879873,1.40030705,1.055831211,3.379296232,0.847810772,0.84344248,2.337713947,2.998065853,2.781871889,1.584295913,0.64545282,2.657464852,2.68624867,3.02621006,1.597212401,1.799002243,2.392077202,1.803721055,2.409178183,1.203008214,1.530938283,0.9948482,3.015064464,2.793021963,2.877715885,2.38387794,1.627481259,0.580219787,2.781407286,3.059266504,2.311764318,2.296823952,0.394690054,1.328040055,1.53119003,2.03317066,1.952101423,2.82793861,1.238834133,0.542452341,1.790831216,1.852757729,0.86357319,1.682234847,3.02816427,1.850245416,2.3378196,2.539186473,2.494482713
1.683687256,1.924830995,2.258036816,0.745099781,2.431502532,2.283024239,1.163742551,1.731402642,1.614574056,2.091352294,1.820786471,1.190020083,0.751266106,1.646448362,0.908249536,1.468564004,0,1.914279569,2.140866898,1.676438381,2.239681516,0.715582506,1.880751765,1.357834184,2.092001701,2.160682172,2.102265183,1.478820035,1.137483609,0.898161256,0.785234551,0.359020748,1.982321957,1.997370949,0.450791461,2.461996392,1.227613424,2.477066368,1.523075024,2.023235216,0.924947152,1.282502089,1.944055071,1.325751704,0.609119808,1.155845029,0.788136723,1.66673143,0.49685141,1.150879024,2.080577807,1.330784529,0.117357719,0.493739344,2.019668973,0.786560865,1.24010385,0.897007104,1.559199919,1.871657643,0.42883818,0.823552609,1.841798725,1.61255973,2.094984513,0.486187063,1.000294523,1.940667929,1.041718595,1.177204327,2.35630019,2.236007328,0.55664414,2.048118873,2.007191612,2.379058603,0.926756653,1.697985151,1.683193792,1.986393944,2.831131744,1.652184805,1.010304259,1.311454667,0.193154679,2.339724465,1.197347826,0.667564209,2.725856368,0.430538069,1.146113357,0.982433784,0.760529597,0.627159115,0.613424543,2.79723896,2.31944882,2.112458498,1.154680658,1.027013644
2.132152031,1.923049392,0.348718723,2.439318211,1.018465518,0.709916925,1.738715994,2.079587987,0.315793888,1.837483121,1.883019818,2.333074731,2.645448103,1.38785959,2.318108386,1.991666577,1.914279569,0,1.039355167,0.649250791,0.944435239,1.25814584,1.318938822,1.528943204,0.795720387,0.653041221,0.18802783,0.822951698,0.777101796,1.31970312,1.698666433,1.561336425,1.34039869,1.934324678,1.552042655,0.553474027,2.148370658,1.504979183,0.623212805,2.606959728,2.038949895,3.137267689,1.057858989,2.373794197,1.985726319,0.770716882,2.573065021,2.074147834,1.800323184,0.784015536,0.607957788,0.713640364,1.98113004,1.590590925,2.534469099,1.450469807,1.161073311,2.129734562,2.535252616,1.34128361,2.336039359,1.835106402,1.147230242,1.529910623,1.523416764,1.490751018,2.883255047,0.578324994,2.918851805,1.674597595,1.70212234,1.046917762,1.573599186,1.564045015,1.18779244,0.971845901,2.2365204,0.365959196,1.562726387,1.191802965,1.070828483,0.803820702,1.733433256,1.599567338,1.992924617,1.209500085,1.027683123,2.555334578,0.869100193,1.518237626,1.49653678,2.866281415,2.674716117,1.93363374,1.407700586,1.038965022,0.77015407,0.359126028,2.055893326,2.497405781
2.973307298,1.109681322,1.048124094,2.366591916,2.03838973,0.49577159,2.479315728,2.942809368,1.159411661,0.930760288,1.117652093,2.96949953,2.877043647,0.721452922,2.84559661,1.430696805,2.140866898,1.039355167,0,0.562393478,1.981921545,1.442253398,2.307400201,2.358249326,0.251015954,0.44695752,1.059618971,0.680458608,1.285899608,1.259358413,1.54612417,1.873456504,0.431348354,2.882899759,1.964714856,1.115849148,2.842259067,0.475324962,1.523203972,3.450509038,2.6448371,3.104495334,0.220550686,3.049626627,1.897324261,1.178537758,2.539937186,2.920501762,1.791360294,1.158771406,1.645881905,0.911597102,2.152798929,1.666536992,3.391862306,1.394000147,0.920734618,2.704788117,3.251536422,2.326150289,2.482436171,1.637457912,2.1407811,2.435477517,2.531644153,1.901225808,2.918818155,1.613728557,2.941021685,2.427428895,0.680159898,0.104850006,1.614237709,2.561650522,2.206557007,1.996050408,2.795997605,0.786456295,0.856382541,2.207388469,1.919630187,1.767480373,2.418818991,1.134958003,2.123947987,0.213825505,1.799216207,2.800329656,1.63424196,1.716378111,1.165658321,2.905102009,2.824823093,1.836772553,1.886405,1.895439203,0.467859378,1.369527863,2.742997584,3.015000181
2.412518443,1.273974809,0.83704685,2.033448034,1.657851268,0.613702024,1.917303008,2.383943239,0.649336619,1.19945546,1.234273207,2.41829986,2.426589557,0.73931096,2.311856089,1.374894021,1.676438381,0.649250791,0.562393478,0,1.561258894,0.960929308,1.789421512,1.798535879,0.426480684,0.490301623,0.759924959,0.233676476,0.725571927,0.868239833,1.224421473,1.373273128,0.725154344,2.341191531,1.441238838,0.995539124,2.284034036,1.022837406,0.992811185,2.889125305,2.095674048,2.765904767,0.472919847,2.494010736,1.557830751,0.623164912,2.191782322,2.360200119,1.409092873,0.60655825,1.230669939,0.366060691,1.708391682,1.240660417,2.831453401,1.011998616,0.598165085,2.160941609,2.69272227,1.805828127,2.056102927,1.345528747,1.628886231,1.886006169,2.024232829,1.376472243,2.546566955,1.164668505,2.575023592,1.865109486,1.126469444,0.628084919,1.200705845,2.04592458,1.714207226,1.608707498,2.255685989,0.295544257,0.914366611,1.711688086,1.694216703,1.249454222,1.859410633,0.994097252,1.694204393,0.774987035,1.238993844,2.343974046,1.453744517,1.245989069,0.929588418,2.531205607,2.403691762,1.499211603,1.347126796,1.664227962,0.645170918,1.00826812,2.184957367,2.48490248
1.664058672,2.818933296,1.02492787,2.918951099,0.198578183,1.599543434,1.516665132,1.579330961,0.945056365,2.760654324,2.766000421,2.143644971,2.853761243,2.276830145,2.266075112,2.792770952,2.239681516,0.944435239,1.981921545,1.561258894,0,1.78992756,0.672794432,1.214258634,1.73507864,1.572445702,0.943391503,1.68203754,1.28489452,1.986340441,2.335095739,1.895563077,2.276301281,1.277724306,1.793807189,1.111887094,1.910102459,2.441679435,0.76586848,2.079983571,1.939705818,3.521621483,1.998517315,2.125626904,2.535613494,1.366966032,3.00900064,1.60553448,2.328523033,1.396772746,0.336477692,1.479344619,2.340051725,2.104355192,1.990991383,2.082278892,1.953139543,2.052168713,2.209825706,0.70096752,2.658997828,2.474969979,0.551201723,1.055367945,0.753453201,1.753568816,3.234802314,0.404357211,3.277903242,1.450146003,2.646318677,1.982658056,2.115581438,0.825905468,0.450340412,0.154489113,2.159471044,1.265873486,2.447480728,0.470762374,0.765550699,0.587499398,1.595678969,2.400847185,2.382707844,2.143072601,1.046913175,2.762320142,0.874590238,1.959910127,2.257733752,3.216786643,2.95208103,2.497047528,1.62833356,0.739423751,1.658015112,0.625422012,1.843869314,2.430831369
1.842669786,1.465718988,1.588495374,1.185995898,1.961803218,1.56814689,1.280566022,1.851914033,0.988432039,1.565923119,1.371691927,1.613522467,1.466299972,1.053867959,1.433485631,1.171876354,0.715582506,1.25814584,1.442253398,0.960929308,1.78992756,0,1.637484326,1.315257905,1.378510658,1.44556598,1.442694961,0.768837085,0.522211024,0.317729953,0.560457458,0.434300647,1.341722755,1.976936562,0.556834745,1.788414385,1.544134841,1.813240657,1.024220942,2.278334457,1.289746958,1.879861049,1.257250849,1.719212688,0.754835191,0.489510757,1.315067377,1.804589503,0.554411067,0.474181624,1.55596105,0.618966314,0.75358122,0.335107926,2.245329021,0.330526051,0.59337178,1.324298828,1.943808435,1.63917355,1.107133553,0.695802232,1.538156759,1.515804263,1.883584255,0.501333894,1.631970519,1.425545162,1.665743851,1.254433487,1.747163629,1.533529155,0.33048954,1.863992412,1.68836013,1.906905807,1.40132471,0.998876393,1.143210331,1.673147191,2.260057634,1.235150212,1.165187102,0.855672678,0.749665663,1.647397412,0.880756194,1.383146714,2.110464781,0.285478472,0.666080639,1.615406494,1.45403585,0.711306226,0.543747516,2.226175365,1.603997245,1.512889025,1.447995148,1.593973683
0.991793568,2.932004612,1.533487127,2.614186117,0.843968801,2.028800569,0.924132325,0.906545745,1.149182452,2.933263934,2.859532812,1.521892123,2.380909089,2.406427607,1.693581245,2.776667333,1.880751765,1.318938822,2.307400201,1.789421512,0.672794432,1.637484326,0,0.61691863,2.083866825,1.967356318,1.403036023,1.827441785,1.242833406,1.910116236,2.195079864,1.584376991,2.506340133,0.636093649,1.436251911,1.673243171,1.281461505,2.782708249,0.797917433,1.411880379,1.366507808,3.125440103,2.261574765,1.485565158,2.308934254,1.360115192,2.668731298,0.93357589,2.103409267,1.393013786,0.840345458,1.571469214,1.99380189,1.892623384,1.324763886,1.965252633,1.994368977,1.481014387,1.549207607,0.028266214,2.264977397,2.325580151,0.172039016,0.40216115,0.249950329,1.416878602,2.828895964,0.777920701,2.874916518,0.864650551,2.91568015,2.336232674,1.923780145,0.256652194,0.225283195,0.816578831,1.581818104,1.523002949,2.560077233,0.203058775,1.437056323,0.541018389,1.036927577,2.410010488,2.053408254,2.499401278,0.757659379,2.293293996,1.534431678,1.714476158,2.237154223,2.810981754,2.513916728,2.283958702,1.286800831,1.411667787,2.089059238,1.126948799,1.228467525,1.844201584
0.616742736,2.748145964,1.82785795,2.102930031,1.406471981,2.201037454,0.308930406,0.585995498,1.258616419,2.803577311,2.661502551,0.92939024,1.780405843,2.267145611,1.077371434,2.486338227,1.357834184,1.528943204,2.358249326,1.798535879,1.214258634,1.315257905,0.61691863,0,2.174281185,2.11170214,1.670437792,1.756253662,1.103482861,1.626420183,1.831224087,1.121761173,2.453286403,0.668784324,0.947330751,2.006120261,0.697691707,2.820745978,0.90600739,1.095700031,0.749797349,2.551504296,2.256665075,0.917986384,1.866724,1.225722923,2.132914314,0.562616634,1.673737695,1.254353843,1.255637695,1.488210497,1.474889508,1.48945527,1.033891795,1.639477972,1.809062615,0.864325933,1.033434376,0.596972158,1.705283454,1.945673182,0.671312167,0.259335263,0.774146766,0.949561231,2.253332361,1.141197454,2.300273677,0.247763544,2.877684197,2.412164991,1.535422678,0.712544137,0.816729651,1.368242884,0.966121913,1.596441326,2.395332875,0.792478404,1.965884324,0.776252565,0.423167284,2.16199443,1.544285558,2.56770687,0.559611597,1.695104061,2.00112024,1.297707801,1.974830482,2.235680024,1.926600215,1.853884186,0.833273009,1.936629693,2.258383737,1.473443567,0.629678517,1.23130641
2.791010062,1.309759948,0.799617278,2.395531232,1.788199099,0.288290601,2.31710587,2.754832959,0.943758359,1.154626473,1.303829146,2.836608996,2.839501155,0.857180488,2.737258936,1.566261859,2.092001701,0.795720387,0.251015954,0.426480684,1.73507864,1.378510658,2.083866825,2.174281185,0,0.206393452,0.808790119,0.615158867,1.138326456,1.247077443,1.573526968,1.797133728,0.641125592,2.672415473,1.867714122,0.879422888,2.694592297,0.709342444,1.312120737,3.269828436,2.515788019,3.133560659,0.364186982,2.908004191,1.919850695,1.043730796,2.561958904,2.736617924,1.79058478,1.029423578,1.39965466,0.79235346,2.117421069,1.639993587,3.207379803,1.388821565,0.93089915,2.583656127,3.10157837,2.103697701,2.459683659,1.680226798,1.91520413,2.234040794,2.302654249,1.802952683,2.929196966,1.372989133,2.954921254,2.261820423,0.930602724,0.253088887,1.594446441,2.336122105,1.973380509,1.746284105,2.679567818,0.579757094,1.014621391,1.975305916,1.675749898,1.547089035,2.268573177,1.231099177,2.097754871,0.416575206,1.619652424,2.75858903,1.394644935,1.66177137,1.223708399,2.91452413,2.806252653,1.859730643,1.772226991,1.650795676,0.284967421,1.119856922,2.59600508,2.910775203
2.726752333,1.513942092,0.60309511,2.517551119,1.61201931,0.123401064,2.278622546,2.683911396,0.856439971,1.361005356,1.505206455,2.825476765,2.911771404,1.047595907,2.750202925,1.750117567,2.160682172,0.653041221,0.44695752,0.490301623,1.572445702,1.44556598,1.967356318,2.11170214,0.206393452,0,0.632289254,0.714551987,1.134078124,1.355140561,1.701691387,1.846751809,0.847436765,2.572580601,1.898428403,0.67327551,2.669230661,0.874032334,1.223014579,3.205566712,2.510380446,3.252317505,0.567778982,2.88772749,2.041195158,1.05622889,2.678514991,2.670726656,1.897770646,1.048019386,1.240641198,0.832710667,2.196301446,1.730906961,3.13885371,1.498792809,1.062161522,2.585490795,3.071813064,1.988807393,2.545396329,1.816485395,1.796374522,2.148809285,2.176013645,1.833356294,3.036114924,1.228861265,3.064151562,2.219975755,1.125339792,0.419102946,1.690896579,2.215113816,1.840833479,1.572513729,2.685282203,0.529538553,1.210091946,1.844766604,1.472919318,1.439988274,2.243389932,1.400869727,2.183711818,0.573896986,1.568255803,2.828025394,1.1895073,1.731044226,1.374729995,3.020844192,2.893054127,1.981914818,1.788373792,1.448561931,0.161667771,0.949416316,2.5719308,2.926544707
2.263342664,2.019582223,0.165906816,2.621130916,0.980736208,0.656785283,1.894968135,2.205384926,0.499493399,1.912956798,1.987553829,2.498760752,2.833215139,1.494846811,2.494563346,2.12793533,2.102265183,0.18802783,1.059618971,0.759924959,0.943391503,1.442694961,1.403036023,1.670437792,0.808790119,0.632289254,0,0.958744746,0.9651296,1.491330711,1.870204785,1.749343191,1.404185209,2.031453736,1.738574892,0.368287116,2.307840685,1.505817401,0.772991258,2.733791496,2.210076374,3.322430057,1.115559245,2.534148871,2.164256702,0.956795845,2.756963468,2.204556568,1.981545712,0.969032181,0.617301432,0.881901538,2.168716068,1.773940623,2.658115921,1.62492393,1.310958699,2.30322793,2.688522621,1.427325828,2.523765374,2.005087213,1.231422513,1.649460717,1.589070402,1.677592806,3.069839259,0.630453108,3.105177613,1.829561695,1.737143823,1.048414326,1.755234396,1.637713851,1.248448362,0.940435504,2.410757185,0.50679665,1.669729092,1.255884022,0.93432244,0.917868598,1.898006463,1.739864073,2.179864868,1.205861731,1.191210119,2.743025542,0.705798603,1.705035709,1.648722251,3.052913763,2.862677693,2.111276834,1.592774527,0.904308815,0.715780091,0.318191882,2.217098713,2.673770372
2.35997959,1.13837591,1.052785931,1.803505561,1.798044489,0.837261077,1.838946159,2.340919335,0.739186645,1.108022343,1.084032996,2.298587264,2.224867304,0.596786976,2.165839688,1.170311933,1.478820035,0.822951698,0.680458608,0.233676476,1.68203754,0.768837085,1.827441785,1.756253662,0.615158867,0.714551987,0.958744746,0,0.653280657,0.64080275,0.991504763,1.195867726,0.698161725,2.33989558,1.28430456,1.22059186,2.182928222,1.094025434,1.034620633,2.830571597,1.972618768,2.537777516,0.520060465,2.384393008,1.327350252,0.533162849,1.963964763,2.310691091,1.184178172,0.507185355,1.362964848,0.268595862,1.502334977,1.025618151,2.779152354,0.784352923,0.366289314,2.028676201,2.592632114,1.840795928,1.844892276,1.111893159,1.676525194,1.873954011,2.070791942,1.220920801,2.323259277,1.278235555,2.350655829,1.792380705,1.121795437,0.767286103,0.981693034,2.083159884,1.780009229,1.74648271,2.118112525,0.457553162,0.765628252,1.774410843,1.88895458,1.298735937,1.764652671,0.781121889,1.482863526,0.890992867,1.202178759,2.1445154,1.661990711,1.049437704,0.701317599,2.30817474,2.191738952,1.26834884,1.209837938,1.857871029,0.863217242,1.174592951,2.083536754,2.334709709
1.707121951,1.695180686,1.122666767,1.702115277,1.449101746,1.246399091,1.19478213,1.687702352,0.480447075,1.718993383,1.619293986,1.698705639,1.870015151,1.183405005,1.616982944,1.547693406,1.137483609,0.777101796,1.285899608,0.725571927,1.28489452,0.522211024,1.242833406,1.103482861,1.138326456,1.134078124,0.9651296,0.653280657,0,0.705107907,1.051024683,0.78444331,1.349803884,1.703286113,0.788810887,1.327307916,1.558713877,1.732967835,0.523924693,2.179102162,1.379489644,2.376679036,1.161827579,1.77014501,1.276895324,0.123928266,1.821855068,1.657529043,1.076189294,0.155126361,1.035783691,0.386541669,1.207260044,0.854467441,2.126448606,0.797484528,0.752390465,1.451884415,1.967198811,1.251249396,1.56091613,1.191253401,1.113294948,1.23322466,1.492505945,0.725195247,2.114755232,0.908054026,2.151842468,1.144958245,1.774231546,1.353564715,0.852605425,1.490885899,1.245457189,1.394123843,1.551222195,0.612920432,1.327185691,1.234174466,1.740269403,0.765002707,1.133845608,1.171026083,1.223774731,1.499375124,0.554083399,1.780419616,1.602686769,0.752631632,1.005248188,2.097515161,1.898010056,1.232332035,0.660923464,1.706322413,1.294768899,0.996919786,1.45973487,1.794041842
2.160339452,1.149326892,1.617855681,1.165885146,2.143890945,1.478000114,1.598282533,2.168863648,1.102197426,1.259588097,1.054452511,1.911519111,1.619902739,0.765651626,1.70897798,0.870663807,0.898161256,1.31970312,1.259358413,0.868239833,1.986340441,0.317729953,1.910116236,1.626420183,1.247077443,1.355140561,1.491330711,0.64080275,0.705107907,0,0.379035201,0.703998785,1.086027028,2.283433057,0.854251298,1.805912215,1.854303794,1.578906295,1.228963733,2.595255141,1.591341686,1.897736697,1.053961779,2.022553681,0.69163095,0.620759478,1.323680298,2.122029324,0.544004131,0.59249335,1.719027519,0.609790679,0.897301161,0.409859306,2.562871446,0.143766539,0.34342602,1.617397284,2.249947219,1.914362327,1.223152401,0.515874001,1.797080113,1.818139629,2.159041479,0.804703993,1.683281641,1.599486985,1.710162023,1.571965127,1.472451767,1.35868736,0.355056055,2.145794808,1.938709063,2.089064323,1.687335993,0.99922009,0.836845402,1.925618469,2.372540919,1.465984437,1.481810438,0.53836861,0.864920512,1.450703471,1.162787995,1.545439167,2.188757537,0.502624759,0.349273858,1.668370999,1.566517852,0.634150512,0.859292777,2.339325717,1.503642724,1.622722754,1.759261882,1.860594752
2.304640447,1.140591921,1.995301755,0.823047064,2.499879334,1.822819712,1.743037795,2.328710761,1.474891926,1.318140581,1.036273175,1.936970537,1.410820672,0.926174472,1.682775019,0.701207339,0.785234551,1.698666433,1.54612417,1.224421473,2.335095739,0.560457458,2.195079864,1.831224087,1.573526968,1.701691387,1.870204785,0.991504763,1.051024683,0.379035201,0,0.754967013,1.289464404,2.499654953,0.936516665,2.181454204,1.927009987,1.795960404,1.570542334,2.705454169,1.637953461,1.561770957,1.328924001,2.063305532,0.351297791,0.982606559,0.994000564,2.274010167,0.298384229,0.957008407,2.081476349,0.988417261,0.735445423,0.357619039,2.685594003,0.25535531,0.642823367,1.63750144,2.297039704,2.195865039,0.993789661,0.140540522,2.098446542,2.04971641,2.439690573,0.908670461,1.374226358,1.957422546,1.395321702,1.730430628,1.620594766,1.649700995,0.300789143,2.416990054,2.24877041,2.444908969,1.686402128,1.37586574,0.926250998,2.233601723,2.748704848,1.791943462,1.607205896,0.538992438,0.674668858,1.718011321,1.437445055,1.349833885,2.567671945,0.546691519,0.403772065,1.36095106,1.315219297,0.290783487,1.005542804,2.715359444,1.842956696,1.998122848,1.839726001,1.810585872
1.553003334,1.831138675,1.907040131,1.036599447,2.084851866,1.967311711,0.995223889,1.581715663,1.258320103,1.960192894,1.731251513,1.212929671,1.086956183,1.468099726,1.006488624,1.451644084,0.359020748,1.561336425,1.873456504,1.373273128,1.895563077,0.434300647,1.584376991,1.121761173,1.797133728,1.846751809,1.749343191,1.195867726,0.78444331,0.703998785,0.754967013,0,1.771485012,1.786301583,0.183469178,2.111578836,1.178253641,2.247142237,1.167364819,1.950899401,0.898911136,1.634235107,1.691193659,1.329859015,0.745075653,0.813926729,1.114115528,1.524621732,0.554111253,0.812864742,1.725095811,1.014433364,0.447147585,0.39734845,1.930649085,0.639507545,1.019746576,0.916140305,1.560916683,1.578526212,0.787739251,0.848419055,1.527174486,1.362176494,1.812032885,0.172754915,1.356617125,1.585630507,1.397058372,0.988955986,2.170701344,1.962888477,0.456818834,1.773820907,1.690672536,2.03176911,0.983476731,1.363327412,1.538605741,1.671126406,2.473175943,1.309007027,0.854808973,1.206201365,0.487341623,2.080076619,0.86476415,0.99826933,2.367021457,0.215340487,1.020953135,1.338865896,1.116891262,0.732864376,0.298790208,2.439255169,2.007530206,1.753501235,1.088347293,1.162689976
3.05365057,0.678383222,1.424679981,2.082842405,2.358818315,0.917400831,2.523390215,3.037060727,1.374147657,0.514981938,0.688652849,2.944105315,2.683946874,0.36984387,2.775151004,1.035438802,1.982321957,1.34039869,0.431348354,0.725154344,2.276301281,1.341722755,2.506340133,2.453286403,0.641125592,0.847436765,1.404185209,0.698161725,1.349803884,1.086027028,1.289464404,1.771485012,0,3.035681165,1.896083146,1.519500405,2.848819495,0.506515015,1.708468448,3.521221575,2.617707652,2.810581433,0.28937257,3.040507633,1.634092976,1.227915109,2.262879126,3.005328432,1.567351381,1.200093777,1.941877561,0.9667511,1.971668954,1.48948008,3.472210083,1.198119423,0.752199032,2.661136212,3.256765168,2.521501246,2.273050406,1.353752037,2.348947707,2.571193163,2.744615738,1.837378767,2.652771745,1.885209831,2.669720903,2.479948061,0.424737692,0.518457065,1.428789704,2.762966094,2.438521358,2.312166036,2.741655908,1.015070276,0.455884856,2.435540185,2.306975663,1.969013871,2.439138005,0.800360842,1.928824933,0.496083739,1.900302085,2.615214074,2.03180807,1.583886418,0.886381964,2.640592541,2.602862985,1.574880502,1.85252279,2.280695173,0.895593858,1.693575717,2.749922853,2.934121075
